30 30 40 30 60
1199 341
1196 341
1192 341
1187 341
1183 341
1182 341
1181 341
1180 341
1179 342
1177 342
1170 342
1167 342
1166 342
1162 342
1161 343
1159 344
1158 344
1156 344
1155 344
1152 344
1150 344
1149 344
1147 344
1145 344
1141 344
1140 344
1139 344
1137 344
1135 344
1134 344
1132 344
1131 344
1130 344
1128 344
1125 342
1123 342
1121 342
1118 341
1116 341
1112 341
1111 341
1110 341
1108 340
1104 340
1102 340
1101 339
1100 339
1099 339
1097 339
1096 338
1093 337
1092 337
1090 336
1089 336
1087 336
1085 335
1084 334
1082 334
1081 334
1079 334
1078 334
1077 334
1076 334
1075 333
1074 333
1074 332
1071 332
1070 332
1070 331
1069 331
1067 331
1066 330
1065 330
1063 329
1062 329
1061 329
1058 329
1056 329
1054 328
1053 328
1049 327
1045 326
1042 325
1040 324
1039 324
1038 324
1036 324
1033 324
1030 324
1027 324
1025 324
1024 324
1023 324
1021 324
1017 324
1015 324
1014 324
1013 324
1011 324
1009 324
1008 324
1007 325
1006 325
1004 326
1002 327
1001 327
1001 328
1000 328
999 329
997 330
996 331
995 332
994 333
993 334
992 335
992 336
991 336
991 337
990 338
989 339
988 340
987 341
985 342
984 342
982 344
981 344
980 345
980 346
979 347
978 349
977 350
976 351
975 352
974 354
973 356
971 358
970 359
968 360
967 361
966 362
966 363
965 363
964 363
963 365
962 366
961 366
958 367
958 368
957 368
956 369
954 370
953 371
952 371
951 371
949 371
948 372
946 373
944 374
943 375
941 375
939 376
939 377
937 378
935 380
933 381
932 381
931 381
929 383
927 384
926 384
924 384
922 385
921 385
919 385
918 385
916 385
915 385
913 386
912 387
910 387
909 387
907 387
905 387
904 387
903 388
901 388
900 388
897 388
895 388
893 388
892 388
890 388
887 388
886 388
884 389
882 390
881 390
880 390
878 390
877 390
875 390
874 390
872 390
871 390
868 390
866 390
865 390
863 389
862 389
859 388
857 387
855 387
854 387
853 386
851 386
850 386
848 386
847 385
846 385
844 384
842 384
841 384
840 384
838 383
835 383
833 382
831 382
829 381
828 380
827 380
825 380
823 379
822 379
820 378
818 377
817 377
817 376
816 376
815 375
814 374
812 374
810 373
809 372
808 372
806 371
804 369
802 368
800 367
797 366
797 365
796 364
795 363
793 362
790 362
790 361
789 361
789 360
788 359
786 358
784 356
782 356
781 355
780 355
779 354
778 354
778 353
776 352
774 351
772 350
770 349
768 349
763 347
760 346
758 345
757 344
755 344
754 343
750 343
746 341
743 340
741 339
739 338
737 337
736 336
733 335
732 334
730 333
729 333
728 332
728 331
727 330
727 329
727 328
726 328
725 327
724 327
724 325
724 324
723 324
723 323
722 322
721 320
720 319
720 318
719 316
718 316
716 313
715 311
714 310
713 308
712 307
711 304
707 299
706 298
705 295
703 293
701 291
700 288
698 285
697 284
696 282
695 281
693 278
691 277
690 276
687 275
686 274
683 273
678 272
673 271
671 271
669 270
667 269
664 269
662 268
661 268
660 268
658 268
656 268
653 268
652 268
651 268
650 268
649 268
648 268
646 268
645 267
643 266
641 266
640 266
639 266
638 266
635 266
632 266
628 266
626 266
624 266
621 266
618 266
615 266
609 266
598 266
581 269
568 271
555 276
545 279
527 286
510 293
475 305
451 312
418 319
401 324
397 325
397 330
406 331
422 332
433 332
444 332
449 332
453 332
456 332
459 332
461 332
466 332
468 332
471 332
472 332
473 332
475 331
477 331
481 331
482 330
484 329
486 329
488 329
489 329
491 329
492 328
493 328
495 328
497 328
499 328
500 328
502 328
503 328
504 328
506 328
508 328
509 328
510 328
511 328
513 328
515 328
516 328
518 328
519 328
520 328
522 329
524 330
525 331
525 332
527 332
528 332
530 333
531 334
533 335
534 336
537 338
538 339
539 340
540 340
540 341
541 341
543 342
543 343
544 343
545 344
545 345
546 346
547 347
547 348
548 349
549 350
550 351
550 352
551 353
552 354
552 355
553 356
554 357
554 358
555 358
555 359
556 361
558 362
559 363
560 367
561 369
562 370
562 372
564 375
564 376
565 377
565 379
566 380
566 381
567 382
567 383
567 384
567 387
567 388
567 391
567 393
567 395
567 396
567 398
567 400
567 401
567 403
567 404
567 407
567 409
567 411
567 412
567 413
567 416
566 419
565 421
564 424
562 426
560 429
559 430
557 433
556 435
553 438
552 440
550 443
546 445
540 448
534 449
526 451
520 451
510 451
500 449
486 445
475 442
457 436
441 434
426 431
425 430
423 430
425 433
434 438
439 441
444 445
450 449
453 451
455 451
456 452
461 456
465 459
470 462
472 463
474 464
477 466
478 467
479 468
480 468
482 470
484 471
487 473
490 474
495 477
500 479
505 481
509 482
510 482
512 483
514 484
516 484
517 484
521 484
523 484
529 484
532 484
533 484
536 484
540 484
543 484
549 484
552 484
555 484
557 484
560 484
562 484
567 484
569 484
570 484
572 484
573 484
576 484
577 484
581 484
584 483
587 483
591 483
594 483
595 483
597 483
599 483
603 483
604 483
607 483
610 483
618 483
623 483
627 483
631 483
635 483
644 483
650 483
655 483
657 483
658 483
661 483
666 483
675 483
678 483
681 483
685 483
690 483
694 483
699 483
701 483
702 483
705 483
708 483
713 483
716 483
717 483
718 483
722 481
727 481
734 484
740 486
742 487
746 487
749 489
757 491
762 493
766 495
771 496
775 498
782 500
784 501
786 501
790 503
793 506
800 510
805 513
810 515
813 517
817 519
823 523
828 526
830 527
834 530
836 531
840 534
842 535
845 537
846 538
847 539
848 540
851 541
853 542
854 543
857 545
860 547
861 548
863 549
865 550
867 552
869 553
872 555
875 557
877 559
880 560
882 561
886 563
890 565
891 565
892 566
896 568
900 568
902 570
906 571
909 571
912 573
916 574
920 574
923 575
925 575
929 575
932 575
936 575
938 575
940 575
942 575
945 575
948 574
954 572
959 571
966 569
969 568
971 567
974 566
975 565
977 564
979 562
982 560
984 559
986 556
987 554
989 550
991 547
993 544
993 541
994 538
996 532
996 528
997 524
999 520
1001 515
1002 511
1004 505
1005 498
1005 494
1005 488
1005 481
1005 478
1005 473
1005 469
1005 462
1005 459
1005 457
1005 454
1005 449
1005 443
1005 439
1005 434
1005 432
1005 427
1005 423
1005 417
1005 413
1005 407
1005 403
1005 395
1005 390
1005 383
1005 377
1005 370
1005 365
1005 357
1005 352
1005 346
1005 343
1005 339
1005 337
1005 329
1005 320
1005 315
1005 312
1005 308
1005 302
1005 296
1005 288
1005 284
1005 278
1005 274
1005 269
1005 264
1005 257
1005 248
1005 242
1005 233
1005 228
1005 221
1005 216
1006 214
1006 208
1006 202
1006 198
1007 195
1008 190
1008 187
1008 183
1009 180
1009 178
1010 173
1011 170
1011 166
1011 165
1011 163
1011 160
1012 158
1012 155
1012 153
1012 149
1013 146
1014 144
1014 142
1015 141
1016 140
1016 139
1017 138
1018 138
1018 137
1021 136
1023 136
1028 137
1032 139
1037 144
1038 146
1041 150
1043 156
1044 160
1044 165
1044 169
1044 175
1044 180
1044 184
1044 188
1044 193
1044 197
1044 202
1044 206
1044 209
1044 215
1044 220
1044 223
1044 227
1044 232
1044 238
1044 242
1044 248
1044 253
1044 257
1044 264
1044 272
1044 277
1044 283
1044 288
1044 293
1044 296
1044 304
1044 310
1044 316
1044 320
1044 326
1044 334
1044 338
1044 344
1044 347
1044 352
1044 357
1044 362
1044 367
1044 369
1044 373
1044 376
1044 379
1044 383
1044 386
1044 392
1044 395
1046 400
1046 405
1046 409
1046 414
1046 419
1046 424
1046 430
1046 434
1046 440
1046 445
1046 451
1046 456
1046 461
1046 466
1046 469
1045 474
1043 478
1041 481
1039 485
1036 489
1034 492
1032 495
1026 496
1021 498
1018 499
1014 499
1010 500
1003 502
994 502
985 503
980 504
973 505
966 505
956 505
949 505
944 505
938 503
930 501
923 499
917 497
912 496
905 493
897 489
892 487
888 485
883 483
874 478
867 474
861 471
853 465
847 461
839 456
832 451
827 448
824 446
816 442
808 436
802 432
799 430
793 427
789 424
780 421
774 418
770 415
767 414
763 411
759 408
753 404
748 400
742 396
738 393
733 390
727 385
720 381
715 377
709 372
705 369
699 364
695 360
691 355
690 353
687 349
685 345
682 340
676 333
673 327
670 319
668 313
667 310
666 304
665 298
664 293
663 283
662 278
662 276
662 271
662 269
662 265
662 261
662 257
662 252
662 249
662 244
662 240
662 235
662 232
663 228
664 224
666 220
670 215
671 211
673 207
675 204
677 201
678 198
681 193
685 189
688 185
692 182
694 180
698 178
703 175
710 172
711 172
715 171
719 170
723 170
727 170
731 170
736 170
741 172
749 175
755 178
760 180
762 182
769 185
772 188
777 191
783 195
788 198
791 202
796 206
798 209
801 213
805 220
807 226
808 229
810 235
810 240
810 245
810 248
810 257
810 265
810 274
810 280
810 288
810 296
810 301
810 308
810 314
808 320
807 325
806 327
804 332
802 336
798 341
794 347
792 350
790 353
788 357
786 359
785 362
783 363
781 367
779 370
777 373
775 377
773 379
772 381
771 383
767 386
765 388
760 390
757 391
754 393
752 394
747 397
742 399
737 401
735 404
733 407
733 408
731 410
729 413
728 415
725 418
723 420
720 423
717 426
713 428
711 431
708 434
706 436
703 439
702 441
700 443
699 444
695 446
692 449
690 451
688 452
686 455
682 457
679 460
675 463
672 466
669 469
667 472
665 476
663 479
660 483
658 486
655 489
653 491
652 493
649 497
647 501
644 504
644 507
644 512
644 516
647 526
654 535
661 540
666 543
669 545
670 546
675 549
685 556
695 562
701 566
706 568
713 569
721 572
725 574
731 575
738 575
742 575
746 575
749 575
752 575
757 575
761 575
768 575
771 575
775 575
780 575
783 575
789 575
794 575
798 575
805 575
810 573
815 572
820 570
825 568
831 565
835 562
841 559
849 553
860 546
870 539
876 534
877 532
879 530
881 527
884 523
888 519
891 513
895 508
898 504
901 501
904 495
909 487
914 481
918 477
923 472
927 466
931 460
937 456
940 453
942 451
947 448
952 446
955 445
958 444
963 443
966 443
972 443
976 443
979 443
985 443
988 443
993 443
997 443
1006 443
1012 443
1017 443
1021 443
1024 443
1029 443
1035 443
1041 443
1046 443
1049 443
1053 443
1056 443
1062 443
1068 443
1073 443
1078 442
1081 441
1084 440
1087 439
1091 437
1096 436
1099 435
1102 433
1106 430
1108 428
1109 425
1111 422
1114 416
1116 408
1119 400
1120 393
1122 388
1123 384
1125 379
1126 375
1127 372
1127 367
1127 362
1127 356
1127 352
1127 348
1127 343
1127 336
1127 330
1127 317
1127 306
1125 297
1123 289
1120 279
1120 273
1118 266
1118 263
1116 255
1115 250
1114 246
1113 243
1111 237
1109 229
1107 224
1105 216
1101 207
1098 197
1095 190
1092 182
1086 173
1081 166
1077 161
1075 158
1073 154
1070 149
1067 144
1064 141
1062 138
1059 135
1056 132
1053 129
1050 128
1049 126
1047 125
1042 122
1038 120
1033 118
1027 115
1021 114
1011 111
1003 109
1001 107
997 107
993 106
986 104
976 101
970 100
963 98
956 97
948 96
943 95
937 94
931 94
919 94
910 94
902 94
893 94
880 94
869 94
859 94
851 94
847 94
842 94
835 96
822 100
813 102
807 103
799 105
791 107
783 110
778 111
774 113
767 115
756 118
748 121
744 122
740 125
730 128
721 132
715 136
709 139
703 141
696 146
688 152
677 158
672 163
667 169
664 174
660 179
656 185
652 191
649 195
645 201
640 209
636 219
630 228
624 240
621 248
618 256
616 265
614 273
613 281
613 288
611 300
611 308
611 315
611 323
611 329
611 338
611 343
611 346
611 350
611 357
611 362
613 369
616 377
618 381
620 389
622 393
624 398
626 401
628 406
631 410
635 416
639 420
642 423
644 426
645 429
649 433
652 437
657 440
663 444
672 450
676 453
684 457
690 459
696 461
702 463
709 464
715 464
721 464
728 464
735 464
743 464
753 464
761 462
771 458
780 452
784 449
788 444
793 440
800 432
807 423
812 416
816 410
820 403
823 395
825 390
829 378
832 369
835 361
838 355
841 349
844 338
847 329
850 321
852 315
855 309
857 304
859 301
862 296
865 291
869 287
872 282
875 278
878 276
882 272
886 267
893 265
902 262
909 260
914 259
926 258
936 258
941 258
946 258
950 258
955 258
962 258
968 258
974 258
981 258
986 258
994 258
1000 258
1006 258
1010 258
1015 259
1018 261
1023 262
1027 263
1034 266
1039 268
1044 271
1047 274
1051 277
1057 285
1062 291
1067 299
1071 305
1074 311
1075 314
1077 318
1078 323
1079 326
1082 329
1083 333
1084 336
1086 340
1088 343
1091 347
1092 349
1093 351
1094 352
1097 355
1101 358
1104 360
1106 361
1108 362
1109 363
1110 363
1112 364
1113 364
1115 364
1118 364
1122 364
1125 364
1130 364
1136 364
1141 364
1148 364
1150 364
1153 364
1157 363
1161 360
1163 358
1166 357
1169 355
1173 352
1176 351
1181 348
1186 345
1188 344
1191 343
1195 340
1199 339
1172 346
1172 342
1172 338
1172 337
1172 334
1172 332
1172 331
1172 328
1172 326
1172 325
1172 323
1172 322
1172 320
1172 318
1172 317
1171 314
1168 310
1166 306
1164 305
1164 304
1161 301
1159 300
1157 299
1153 296
1147 295
1142 294
1139 293
1137 293
1133 293
1128 293
1124 293
1118 293
1115 293
1111 293
1106 294
1097 297
1095 297
1092 299
1089 301
1088 304
1087 309
1086 311
1085 316
1085 321
1085 325
1087 331
1089 334
1090 335
1094 339
1103 343
1115 348
1124 350
1129 350
1131 350
1134 350
1139 350

